$ANSIBLE_VAULT;1.1;AES256
34646164646537613363366431373266326639616638323732623532303136336337393837313434
6232376638663965393037653261313231386633326362330a633463626630643139373666633564
31356236626439353139386137313364386664336532326334353064666632643364323665643262
3364363232323936390a616634316662326535666431303632333837663961363136373433393563
34383832393539643735623636346531373231353239656632306530396363343234336662363939
65353133313836666633633364613161363335656662613338313364626439616332636433353061
61353966353262396634326438366235623634396364656261663934366635616537323336656531
31363731663366393866333739363232333162373364613662613831623861313961653536366364
66656261323565366566396239666230653136333564373466393336623133356538626335336332
37646430316165376638356635303966393438373836623532343534616435373439303832303033
39366437333666336431316365646536653439396432353736303736643464353234633961326334
62393538646539653765626334613537363338363237333464666639333861376135626638633938
64656537336533643034316139363766393362386561356462656666396436363737333632666636
33306133386564653130346637303732636161613366343335653137353839643963616530663339
31313163346264333064633534306630613866346639613266613035666162663739613461323965
33333665626330373538656537663832636164373861373962396631393138363432363031336465
35666661626536323131623466656662663539653262613531646139613637303365366132333564
65653734633736613863333337646366633530613437663234376365653439616635353630626264
65313862656537366435353264656436663161656531363662613634666165376639663939326431
36323032633233316234336339663465653835343735343232346638623838313362613161373333
39666361346661643862306461656238303163383138643561636166386661633031393363396330
61633863613064353862643535376162336161646662343939663064343439306235306539633234
65306639656336353766646463623734373938613862373965393532393938303232363833326638
34626363316465333234383630373037376633656661616666376633303661323833323134623266
62663532613039356362303665393037626166656362373233376461373234333138366161626537
35363965323435343161646265346539373838396436653339383336333865623761366338373530
31633864373863613331656633656533323064623237323037336236303433326261343539636332
30633339323035306536633733383933333163303965363535323836313664346235323239306538
65383164313037363935366163646265303235326363653462613561366165336435636362303764
39366233303838326164633033633434623333623935323939643862393538626135316664376434
34653165643737633032316335363536383535663739666635646131626539616633333635356163
30393734303563613865636265323966393630306237376535353133396464336139303937333337
64346266623461303363383066393635376363663465666331626533346332646661313161336538
65393564363563386130656230303362646238636637653830376333366539326233306230323330
37393133343231346333343735363334356236366333353261633162616461393365343930626531
37313661383532363661323839623439346337653061383337316631376336376430343166666236
31313731626132386563623937326436646234353035383462356666663263386564303035623036
38636138313966326464376466623236393534343635316538383039616639356430653664366631
65373162313738633730613537386264633263356330373366613336386536333038663833653564
33376666353965353262666632356263613539306462353364373062663962666162636634323232
30663631386165626138386361393532393737356436643237663664353666653762323533393064
64326237346630346461343261616538613131383735316663306533346535353565666462326431
38653964316466373863666365326339313863396230343965323736353861346365313632643064
62343738356338396639623735656236626161663732633839623861316630643331393035373437
62343533663131653162636263313261373232343861623035306664393837396434616135346337
66323139633138343936313633626231613332333935653435336662633534383239303530626637
64396664336663613534386431366331643833326135643065306239333232383466303635656430
32393633633333353438353765383733353337373337326432376639393165336434326566636336
63646465613832343336633761663862613534353666373561313337343363363462313865336564
39636631653364376462333262393739373565666431333635616233616666316464356266316436
65363837383634636561616639663239393761666566626663383863393539623034663763326639
61323535323239666431663833323263623936653933653339353061316238393430393562393637
37353638623631653130653661653531383131333436386535386666333836376230393735333739
35363134303530643865326336316465373339333261636564343630366435666530396438323533
31646464663534306130613166623038613938663533613135383132633864646332656363386536
65376234633265656534353231646665336264323166616238333764316233376637616361343930
65343331633564366366316139333164316231323331353030303931346564656462343635313333
37306163656133316561393866366333396166323262636561636433383338323265646265616532
33363433376136326634623566663133656634336232353736666162363034653835353434373463
65376638633265313335336664376264353966623034313163356562646438663166313935636632
34313738356434646364633463663339333263623766303665313538333438616134303866643765
32626464623331323732363738663837623165306561343864353165383361333035313836326531
62616239313263636466343432323535373832353263616639623931336431376232633835343036
32393939616139383232633036373664323561643161373062396339656466333561376363623637
66303436653565363531316636656465363065313864663064666263396561343137623930356636
66383731343762336165653139343031363663393930373861633936323935633435383939353332
37646430636534306633633434343032326234633538643961373338396535306338316637653935
34376464653034373535363062316564373563313663343735346138313536616465336631623264
32303262633831663732653731326437666661393166663234386262393063353634353465326531
31326237383338656266613462376632356632646331386363616165633534656463393331336535
61613631343639323465316263373361646337643435363863303337366339313132613937363838
61346365353035633439326562306265646461643531383438323838653738616536616361393735
37316431303264376239333562383663353833666535356130356162376539383862633463353838
30623131383661353665643935653961346465306532646662393562656435383739643361356138
35633738383562333662373362636461343565363839323538333836393635376633626366303636
36333763386562333138623634343562363538346465656461333665626636366237633466393735
38376433313434336438326331323165353032353032623466333231393564326137663031343338
30346435623138346265313764363761633238396134363330633564613031623665386632336234
31313237323937393930633732643331376331623231376662393763386365666238353839323430
39656234356365343164653066346564613732633630363761656132623635656533373161343532
66346639333538633733623866323336303737633434313564636165383366316430666562623532
31666462306634313161383664333634303639656562396134626438626266623861373433333532
64383536346463646438396132346232343635396261613738376163386364366462393834343239
66303630646637313236613566326131326362613264653337363365343132383233323866306131
62663533656632333135353331313531336337633931636131316365323662306662353530323431
39636638643463623939653464346331363837633536343664313664326431313534623065613462
66666363316333633534626239633636373563623063633433656338623333623932633331653433
31633433613333353264336661313464343339633435336164383164636233353961313536396130
66626535376463353332633266383030323861313962353531346165376333333364626237663931
61373432643032376662643761373930313565643864383839363764356237373638383233386663
62653934636136396139623839366234376538316665633762323261633432393962353866356162
63313433643836646562633061343134616665383237636631653133313539393963633432333830
63363839343864383834353162343033653866613031363034306566653530376435636237626233
34373537636563633031323937326335336439663430326564366231373262383864666463623665
33643063653762643237383563323266633838353565326639356332346466373466323830326134
30326139643361326532376133346663323839393163393061653536343737313630386264643931
61623731396335386138653634336465653364323962306364616539383062343265636563616533
38653064613066623034366135326630666363626438386137663034663863616564376335306362
63313864376438633164313534623339323731303838363164323762363430303562653438653734
33316236393538643632643037643861303865376562623332306665613537393038353939653333
34353938303061643465646465636236633661336437656234613633623738333466386339656162
35313165373463316661646634323862626237343632333631383035633130626237313965616630
30643535636430373861363261643633633238343438643635346535316462616239633265643663
34626666643663343538663133356531323566616266396635633638386232376361616263316632
65393662316630336463373634616366633265666366636231613134353266633638333138356339
65303032313737343238396132333531396134326436333633323632363434336338373836656562
33396161333466626530316238336638383832666565303366373133653330363165616530396265
39396163386166626463343830386265623465636530386538343361653537303237323462656330
37363766613731363939613166656634613834386463396464376530333638616631353861653561
34656132623638393832366663363935383932353065316166333661303865333637393862356463
33623131383336323666656561383338306661323664393661383461333534643834313534346631
61383264373966356539623064366565353532656137306236313264343637323132663862616364
66356333376235653565306365313961393039363666393833326330613663373938633239366236
35353265386530393836643638313366636335636638363663393934666632343262323134343133
39313366373634396565633166653861356366646438663331333534633232346430356532316439
61333432653439373133633337323462373038326530616431353833306138393935623763626562
61326235303331643739393335303130376136666638663364353331646262666536636231643863
39656232353931343533386163326363326538386636396436343036396431366662333935636430
36346165393865356662313039323838313336633132653730666366313236363536323134353664
62373464643764396666643134306461643838633836323634353363643964343836613965636666
36366336303461363666326433313035303562636133613934353563356439373138633662656663
36363763313865303961653639646238353266313361373339626163643062313530316435303961
37353730626263636534353334643731663639363064306633323161313765666166613236356331
63613432333539343665336663376163643039386632616531653736663838366130383638643234
65383963373830356136396261316161396238373138373731343239346437653633363463323139
63643436383332383861633462366166653966363566316161353831646232373132666664646431
30643233653338313031396335323765393035323936376261316137303934646530376635396639
65316339353864336538653632353038393337366630363432663230316138366437306566663431
66363964303030346439363638393333663533366366393264383534383564636166316333313434
63336462623463633236353638613537316433303036633062643335356365656532316230313930
61636532323661306638633637393630623739393433633131303530366333343531343665363235
34306134623665333761333964613965663638303530356336626233633063633937393636373035
65343436656537326661326566663638373630376630643730653530333337323062356163316135
63336637303365396663396634616362623666646431393831326465323038323633626536333133
34386238393264303134333839346539373231666132343739636130373634366431626238643436
36316538623634666239346562396561613361303163363564623066383432663334393766353732
3366
